769,11
769,10
769,9
769,8
769,7
769,6
769,5
769,4
769,3
769,2
769,1
769,0
768,6
768,5
768,4
768,3
768,2
768,1
768,0
767,7
767,6
767,5
767,4
767,3
767,2
767,1
767,0
766,16
766,15
766,14
766,13
766,12
766,11
766,10
766,9
766,8
766,7
766,6
766,5
766,4
766,3
766,2
766,1
766,0
765,9
765,8
765,7
765,6
765,5
765,4
765,3
765,2
765,1
765,0
764,9
764,8
764,7
764,6
764,5
764,4
764,3
764,2
764,1
764,0
763,11
763,10
763,9
763,8
763,7
763,6
763,5
763,4
763,3
763,2
763,1
763,0
762,6
762,5
762,4
762,3
762,2
762,1
762,0
761,7
761,6
761,5
761,4
761,3
761,2
761,1
761,0
760,16
760,15
760,14
760,13
760,12
760,11
760,10
760,9
760,8
760,7
760,6
760,5
760,4
760,3
760,2
760,1
760,0
759,9
759,8
759,7
759,6
759,5
759,4
759,3
759,2
759,1
759,0
758,9
758,8
758,7
758,6
758,5
758,4
758,3
758,2
758,1
758,0
757,11
757,10
757,9
757,8
757,7
757,6
757,5
757,4
757,3
757,2
757,1
757,0
756,5
756,4
756,3
756,2
756,1
756,0
755,7
755,6
755,5
755,4
755,3
755,2
755,1
755,0
754,16
754,15
754,14
754,13
754,12
754,11
754,10
754,9
754,8
754,7
754,6
754,5
754,4
754,3
754,2
754,1
754,0
753,9
753,8
753,7
753,6
753,5
753,4
753,3
753,2
753,1
753,0
752,9
752,8
752,7
752,6
752,5
752,4
752,3
752,2
752,1
752,0
751,11
751,10
751,9
751,8
751,7
751,6
751,5
751,4
751,3
751,2
751,1
751,0
750,5
750,4
750,3
750,2
750,1
750,0
749,6
749,5
749,4
749,3
749,2
749,1
749,0
748,6
748,5
748,4
748,3
748,2
748,1
748,0
747,7
747,6
747,5
747,4
747,3
747,2
747,1
747,0
746,16
746,15
746,14
746,13
746,12
746,11
746,10
746,9
746,8
746,7
746,6
746,5
746,4
746,3
746,2
746,1
746,0
745,9
745,8
745,7
745,6
745,5
745,4
745,3
745,2
745,1
745,0
744,9
744,8
744,7
744,6
744,5
744,4
744,3
744,2
744,1
744,0
743,11
743,10
743,9
743,8
743,7
743,6
743,5
743,4
743,3
743,2
743,1
743,0
742,5
742,4
742,3
742,2
742,1
742,0
741,7
741,6
741,5
741,4
741,3
741,2
741,1
741,0
740,16
740,15
740,14
740,13
740,12
740,11
740,10
740,9
740,8
740,7
740,6
740,5
740,4
740,3
740,2
740,1
740,0
739,9
739,8
739,7
739,6
739,5
739,4
739,3
739,2
739,1
739,0
738,9
738,8
738,7
738,6
738,5
738,4
738,3
738,2
738,1
738,0
737,11
737,10
737,9
737,8
737,7
737,6
737,5
737,4
737,3
737,2
737,1
737,0
736,7
736,6
736,5
736,4
736,3
736,2
736,1
736,0
735,16
735,15
735,14
735,13
735,12
735,11
735,10
735,9
735,8
735,7
735,6
735,5
735,4
735,3
735,2
735,1
735,0
734,9
734,8
734,7
734,6
734,5
734,4
734,3
734,2
734,1
734,0
733,9
733,8
733,7
733,6
733,5
733,4
733,3
733,2
733,1
733,0
732,11
732,10
732,9
732,8
732,7
732,6
732,5
732,4
732,3
732,2
732,1
732,0
731,9
731,8
731,7
731,6
731,5
731,4
731,3
731,2
731,1
731,0
730,11
730,10
730,9
730,8
730,7
730,6
730,5
730,4
730,3
730,2
730,1
730,0
729,5
729,4
729,3
729,2
729,1
729,0
728,6
728,5
728,4
728,3
728,2
728,1
728,0
727,6
727,5
727,4
727,3
727,2
727,1
727,0
726,6
726,5
726,4
726,3
726,2
726,1
726,0
725,9
725,8
725,7
725,6
725,5
725,4
725,3
725,2
725,1
725,0
724,9
724,8
724,7
724,6
724,5
724,4
724,3
724,2
724,1
724,0
723,7
723,6
723,5
723,4
723,3
723,2
723,1
723,0
722,5
722,4
722,3
722,2
722,1
722,0
721,6
721,5
721,4
721,3
721,2
721,1
721,0
720,6
720,5
720,4
720,3
720,2
720,1
720,0
719,9
719,8
719,7
719,6
719,5
719,4
719,3
719,2
719,1
719,0
718,9
718,8
718,7
718,6
718,5
718,4
718,3
718,2
718,1
718,0
717,7
717,6
717,5
717,4
717,3
717,2
717,1
717,0
716,5
716,4
716,3
716,2
716,1
716,0
715,6
715,5
715,4
715,3
715,2
715,1
715,0
714,6
714,5
714,4
714,3
714,2
714,1
714,0
713,9
713,8
713,7
713,6
713,5
713,4
713,3
713,2
713,1
713,0
712,9
712,8
712,7
712,6
712,5
712,4
712,3
712,2
712,1
712,0
711,7
711,6
711,5
711,4
711,3
711,2
711,1
711,0
710,5
710,4
710,3
710,2
710,1
710,0
709,6
709,5
709,4
709,3
709,2
709,1
709,0
708,6
708,5
708,4
708,3
708,2
708,1
708,0
707,9
707,8
707,7
707,6
707,5
707,4
707,3
707,2
707,1
707,0
706,9
706,8
706,7
706,6
706,5
706,4
706,3
706,2
706,1
706,0
705,7
705,6
705,5
705,4
705,3
705,2
705,1
705,0
704,5
704,4
704,3
704,2
704,1
704,0
703,6
703,5
703,4
703,3
703,2
703,1
703,0
702,6
702,5
702,4
702,3
702,2
702,1
702,0
701,9
701,8
701,7
701,6
701,5
701,4
701,3
701,2
701,1
701,0
700,9
700,8
700,7
700,6
700,5
700,4
700,3
700,2
700,1
700,0
699,7
699,6
699,5
699,4
699,3
699,2
699,1
699,0
698,5
698,4
698,3
698,2
698,1
698,0
697,6
697,5
697,4
697,3
697,2
697,1
697,0
696,6
696,5
696,4
696,3
696,2
696,1
696,0
695,9
695,8
695,7
695,6
695,5
695,4
695,3
695,2
695,1
695,0
694,9
694,8
694,7
694,6
694,5
694,4
694,3
694,2
694,1
694,0
693,7
693,6
693,5
693,4
693,3
693,2
693,1
693,0
692,5
692,4
692,3
692,2
692,1
692,0
691,6
691,5
691,4
691,3
691,2
691,1
691,0
690,9
690,8
690,7
690,6
690,5
690,4
690,3
690,2
690,1
690,0
689,9
689,8
689,7
689,6
689,5
689,4
689,3
689,2
689,1
689,0
688,7
688,6
688,5
688,4
688,3
688,2
688,1
688,0
687,5
687,4
687,3
687,2
687,1
687,0
686,9
686,8
686,7
686,6
686,5
686,4
686,3
686,2
686,1
686,0
685,7
685,6
685,5
685,4
685,3
685,2
685,1
685,0
684,5
684,4
684,3
684,2
684,1
684,0
683,9
683,8
683,7
683,6
683,5
683,4
683,3
683,2
683,1
683,0
682,7
682,6
682,5
682,4
682,3
682,2
682,1
682,0
681,5
681,4
681,3
681,2
681,1
681,0
680,6
680,5
680,4
680,3
680,2
680,1
680,0
679,9
679,8
679,7
679,6
679,5
679,4
679,3
679,2
679,1
679,0
678,9
678,8
678,7
678,6
678,5
678,4
678,3
678,2
678,1
678,0
677,7
677,6
677,5
677,4
677,3
677,2
677,1
677,0
676,5
676,4
676,3
676,2
676,1
676,0
675,6
675,5
675,4
675,3
675,2
675,1
675,0
674,9
674,8
674,7
674,6
674,5
674,4
674,3
674,2
674,1
674,0
673,9
673,8
673,7
673,6
673,5
673,4
673,3
673,2
673,1
673,0
672,7
672,6
672,5
672,4
672,3
672,2
672,1
672,0
671,5
671,4
671,3
671,2
671,1
671,0
670,7
670,6
670,5
670,4
670,3
670,2
670,1
670,0
669,5
669,4
669,3
669,2
669,1
669,0
668,6
668,5
668,4
668,3
668,2
668,1
668,0
667,9
667,8
667,7
667,6
667,5
667,4
667,3
667,2
667,1
667,0
666,9
666,8
666,7
666,6
666,5
666,4
666,3
666,2
666,1
666,0
665,7
665,6
665,5
665,4
665,3
665,2
665,1
665,0
664,5
664,4
664,3
664,2
664,1
664,0
663,7
663,6
663,5
663,4
663,3
663,2
663,1
663,0
662,5
662,4
662,3
662,2
662,1
662,0
661,7
661,6
661,5
661,4
661,3
661,2
661,1
661,0
660,5
660,4
660,3
660,2
660,1
660,0
659,6
659,5
659,4
659,3
659,2
659,1
659,0
658,9
658,8
658,7
658,6
658,5
658,4
658,3
658,2
658,1
658,0
657,9
657,8
657,7
657,6
657,5
657,4
657,3
657,2
657,1
657,0
656,7
656,6
656,5
656,4
656,3
656,2
656,1
656,0
655,5
655,4
655,3
655,2
655,1
655,0
654,6
654,5
654,4
654,3
654,2
654,1
654,0
653,9
653,8
653,7
653,6
653,5
653,4
653,3
653,2
653,1
653,0
652,9
652,8
652,7
652,6
652,5
652,4
652,3
652,2
652,1
652,0
651,7
651,6
651,5
651,4
651,3
651,2
651,1
651,0
650,5
650,4
650,3
650,2
650,1
650,0
649,6
649,5
649,4
649,3
649,2
649,1
649,0
648,9
648,8
648,7
648,6
648,5
648,4
648,3
648,2
648,1
648,0
647,9
647,8
647,7
647,6
647,5
647,4
647,3
647,2
647,1
647,0
646,7
646,6
646,5
646,4
646,3
646,2
646,1
646,0
645,5
645,4
645,3
645,2
645,1
645,0
644,6
644,5
644,4
644,3
644,2
644,1
644,0
643,9
643,8
643,7
643,6
643,5
643,4
643,3
643,2
643,1
643,0
642,9
642,8
642,7
642,6
642,5
642,4
642,3
642,2
642,1
642,0
641,7
641,6
641,5
641,4
641,3
641,2
641,1
641,0
640,5
640,4
640,3
640,2
640,1
640,0
639,6
639,5
639,4
639,3
639,2
639,1
639,0
638,9
638,8
638,7
638,6
638,5
638,4
638,3
638,2
638,1
638,0
637,9
637,8
637,7
637,6
637,5
637,4
637,3
637,2
637,1
637,0
636,7
636,6
636,5
636,4
636,3
636,2
636,1
636,0
635,5
635,4
635,3
635,2
635,1
635,0
634,5
634,4
634,3
634,2
634,1
634,0
633,6
633,5
633,4
633,3
633,2
633,1
633,0
632,6
632,5
632,4
632,3
632,2
632,1
632,0
631,6
631,5
631,4
631,3
631,2
631,1
631,0
630,6
630,5
630,4
630,3
630,2
630,1
630,0
629,6
629,5
629,4
629,3
629,2
629,1
629,0
628,6
628,5
628,4
628,3
628,2
628,1
628,0
627,9
627,8
627,7
627,6
627,5
627,4
627,3
627,2
627,1
627,0
626,9
626,8
626,7
489,4
498,1
495,15
496,12
496,13
495,41
495,4
496,14
498,4
497,4
496,4
495,646
495,375
495,286
495,647
495,159
495,333
495,358
495,89
495,649
495,191
495,648
495,57
495,139
495,652
495,408
495,318
495,145
495,81
495,650
495,382
495,297
495,133
495,27
495,422
495,641
495,642
495,283
495,101
495,651
495,387
495,267
495,142
495,309
495,643
495,312
495,62
495,402
495,292
495,645
495,106
495,644
495,272
495,414
495,640
495,26
495,5
485,4
494,4
493,33
493,20
493,16
493,46
493,28
493,12
493,24
493,41
493,47
493,42
493,1
493,11
493,4
499,4
626,6
626,5
626,4
626,3
626,2
626,1
626,0
625,7
625,6
625,5
625,4
625,3
625,2
625,1
625,0
624,5
624,4
624,3
624,2
624,1
624,0
2,11
2,10
2,9
2,8
2,6
2,5
2,4
2,2
1,2
0,510
0,509
0,508
0,507
0,505
0,504
0,502
0,501
0,500
0,499
0,498
0,497
0,495
0,493
0,491
0,489
0,488
0,486
0,484
0,483
0,482
0,481
0,480
0,478
0,477
0,476
0,475
0,474
0,473
0,472
0,471
0,469
0,468
0,466
0,464
0,463
0,462
0,461
0,460
0,459
0,458
0,457
0,455
0,454
0,453
0,452
0,451
0,450
0,449
0,445
0,443
0,441
0,436
0,432
0,431
0,425
0,421
0,420
0,419
0,415
0,412
0,411
0,410
0,409
0,408
0,404
0,402
0,400
0,396
0,392
0,389
0,388
0,384
0,383
622,8
0,382
622,7
0,381
622,6
0,380
622,5
0,379
622,4
0,378
623,6
622,9
622,1
0,377
0,322
622,3
622,0
0,319
623,1
0,316
623,3
0,313
0,376
0,312
623,0
0,311
1,1
0,309
1,3
0,243
1,0
2,1
2,7
2,3
2,0
0,9
0,310
0,305
0,308
0,304
0,303
0,302
0,307
0,12
0,375
0,10
0,8
0,0
0,430
0,300
0,444
0,299
0,315
0,298
0,297
0,348
0,296
0,429
0,295
0,496
0,294
0,293
0,361
0,292
0,448
0,291
0,347
0,290
0,465
0,289
0,401
0,288
0,494
0,287
0,479
0,286
0,338
0,285
0,336
0,284
0,467
0,283
0,360
0,282
0,329
0,281
0,492
0,280
0,359
0,279
2,12
2,13
2,15
2,16
2,18
2,19
3,1
3,3
3,4
3,6
4,0
4,2
491,0
491,1
491,4
491,8
491,17
491,22
491,32
491,50
491,52
491,69
491,80
491,92
491,97
491,99
491,108
491,117
491,192
491,197
491,205
491,210
491,215
491,220
491,222
491,228
495,0
495,3
496,1
496,3
496,11
497,0
497,3
497,10
619,0
619,2
619,3
619,5
620,1
620,2
620,4
620,5
620,7
621,1
621,2
621,4
621,5
621,7
621,8
622,2
623,4
623,5
495,100
495,131
495,162
485,0
485,1
489,0
489,1
489,3
485,3
495,172
495,121
495,84
495,66
495,45
495,21
495,445
495,20
495,7
495,176
495,163
495,138
495,123
495,105
495,85
495,70
495,47
495,29
495,28
495,1
495,446
495,6
491,72
491,66
491,58
491,48
491,43
491,37
491,29
491,21
491,13
491,12
491,227
491,5
499,15
499,1
499,11
499,3
499,0
494,1
494,3
494,0
493,3
493,0
498,7
498,3
498,0
623,2
621,9
621,6
621,3
621,0
620,6
620,3
620,0
619,4
619,1
497,9
497,1
496,10
496,0
491,320
491,225
491,217
491,207
491,201
491,121
491,101
491,94
491,85
491,56
491,44
491,30
491,16
491,3
4,3
4,1
3,5
3,2
3,0
2,17
2,14
0,428
0,278
0,427
0,277
0,328
0,276
0,393
0,275
0,327
0,274
0,326
0,273
0,325
0,272
0,442
0,271
0,324
0,270
0,314
0,269
0,373
0,268
0,267
0,374
0,266
0,423
0,265
0,422
0,264
0,263
0,372
0,262
0,261
0,371
0,260
0,358
0,259
0,357
0,258
0,257
0,335
0,256
0,399
0,255
0,352
0,254
0,440
0,253
0,407
0,252
0,351
0,251
0,355
0,250
0,487
0,249
0,337
0,248
0,354
0,247
0,301
0,246
0,406
0,245
0,370
0,244
0,439
0,242
0,424
0,241
0,369
0,240
0,344
0,239
0,391
0,238
0,349
0,237
0,398
0,236
0,456
0,235
0,511
0,234
0,233
0,368
0,232
0,490
0,231
0,230
0,390
0,229
0,323
0,228
0,321
0,227
0,320
0,226
0,225
0,356
0,224
0,334
0,223
0,397
0,222
0,405
0,221
0,438
0,220
0,435
0,219
0,346
0,218
0,470
0,217
0,434
0,216
0,485
0,215
0,433
0,214
0,395
0,213
0,212
0,437
0,211
0,343
0,210
0,366
0,209
0,365
0,208
0,333
0,207
0,332
0,206
0,345
0,205
0,353
0,204
0,394
0,203
0,202
0,447
0,201
0,341
0,200
0,426
0,199
0,418
0,198
0,417
0,197
0,367
0,196
0,340
0,195
0,414
0,194
0,387
0,193
0,416
0,192
0,385
0,63
0,350
0,62
0,446
0,61
0,506
0,60
0,413
0,59
0,58
0,57
0,342
0,56
0,331
0,55
0,503
0,54
0,339
0,53
0,317
0,52
0,403
0,51
0,330
0,50
0,364
0,49
0,363
0,48
0,318
0,47
0,386
0,46
0,362
0,45
0,306
0,6
0,5
0,1
0,11
0,4
0,2
0,3
0,7
